0.0
0.16978243186802544
0.3107387895650303
0.4277632340649783
0.5249189837897204
0.6055793940562345
0.6725450837122271
0.728141175726706
0.7742980280366081
0.8126182577139616
0.8444323856069529
0.8708450334985116
0.8927732777989676
0.9109784914554961
0.9260927796647422
0.9386409272658682
0.9490586198518363
0.9577075712561051
0.9648880826578486
0.9708494693717482
0.9757987173520561
0.9799076699743495
0.9833189946279994
0.9861511362860613
0.9885024300460227
0.9904545154333817
0.9920751710164608
0.9934206677534243
0.9945377227823157
0.9954651214918714
0.9962350641932075
0.9968742841503118
0.9974049757886002
0.9978455653099682
0.9982113504709426
0.9985150317377456
0.998767153260558
0.998976468978101
0.9991502465640913
0.9992945197689281
0.9994142979181944
0.9995137398419934
0.9995962982741403
0.9996648397349062
0.9997217440597793
0.9997689870299917
0.9998082089738327
0.9998407717206659
0.9998678058851534
0.9998902501234507
